443967
438241
438175
449141
435186
441729
444248
444735
431266
434967
437921
436521
459019
450047
433718
423738
435316
425457
435285
435590
450634
451632
443163
431166
438071
452652
447956
425399
443491
435494
451187
451317
424147
438259
442646
444963
437536
451288
436673
441702
437324
445040
437604
452666
431531
454876
454640
407795
448026
437842
438233
452000
452653
454874
436978
435619
441856
445563
459298
451174
423366
437509
435168
450795
442991
430893
419579
431621
443801
435632
437885
458712
459310
448115
453478
436301
436307
454032
450006
371309
451081
441613
450174
445432
450176